x	y	emax	trend	emin	trend	
21.5545	36.4034	4.7297e-08	56.84	-4.9570e-10	326.84	
21.7776	36.4022	5.5277e-08	56.34	-2.4655e-09	326.34	
22.0006	36.4005	6.1880e-08	60.04	-5.1605e-09	330.04	
22.2236	36.3985	6.4996e-08	67.93	-9.3109e-09	337.93	
22.4465	36.3960	6.5613e-08	76.82	-1.4277e-08	346.82	
22.6695	36.3931	6.8736e-08	81.38	-1.7724e-08	351.38	
22.8924	36.3897	6.8713e-08	82.76	-1.9006e-08	352.76	
23.1153	36.3860	5.5509e-08	83.30	-1.9314e-08	353.30	
21.3323	36.5846	3.9667e-08	64.35	2.5803e-09	334.35	
21.5558	36.5837	4.5507e-08	61.72	3.9407e-09	331.72	
21.7794	36.5825	5.1686e-08	58.80	2.9930e-09	328.80	
22.0029	36.5808	5.8350e-08	59.38	1.9976e-10	329.38	
22.2264	36.5787	6.3968e-08	63.90	-3.9603e-09	333.90	
22.4499	36.5762	6.2766e-08	71.62	-8.7985e-09	341.62	
22.6734	36.5733	6.0286e-08	79.54	-1.3189e-08	349.54	
22.8968	36.5699	5.8342e-08	82.96	-1.5682e-08	352.96	
23.1202	36.5662	4.5880e-08	82.74	-1.6443e-08	352.74	
23.3435	36.5620	1.5556e-08	80.86	-1.6213e-08	350.86	
21.1089	36.7653	3.7324e-08	23.64	1.5711e-09	113.64	
21.3330	36.7649	4.1212e-08	53.77	5.7040e-09	323.77	
21.5571	36.7640	4.5733e-08	64.25	6.8982e-09	334.25	
21.7812	36.7628	4.9681e-08	65.16	7.8542e-09	335.16	
22.0052	36.7611	5.3728e-08	63.29	5.9725e-09	333.29	
22.2293	36.7590	5.7937e-08	64.81	1.8187e-09	334.81	
22.4533	36.7565	5.6687e-08	70.45	-2.7846e-09	340.45	
22.6773	36.7535	5.0958e-08	79.12	-5.9335e-09	349.12	
22.9012	36.7501	4.7517e-08	84.54	-8.4577e-09	354.54	
23.1251	36.7464	3.8527e-08	83.90	-1.0099e-08	353.90	
23.3490	36.7421	1.5978e-08	74.87	-1.0829e-08	344.87	
20.6600	36.9451	3.6652e-08	329.04	-1.4992e-07	59.04	
20.8846	36.9456	3.5741e-08	332.17	-1.0475e-07	62.17	
21.1092	36.9456	3.2093e-08	350.10	-2.7437e-08	80.10	
21.3338	36.9452	4.0717e-08	31.67	5.1593e-10	121.67	
21.5584	36.9443	4.5607e-08	52.34	5.7037e-09	322.34	
21.7830	36.9430	4.9541e-08	65.58	8.8995e-09	335.58	
22.0076	36.9414	5.2334e-08	69.63	8.1185e-09	339.63	
22.2322	36.9392	5.2167e-08	70.26	3.9367e-09	340.26	
22.4567	36.9367	4.8295e-08	74.63	-5.1317e-10	344.63	
22.6812	36.9337	4.3097e-08	81.66	-2.6532e-09	351.66	
22.9057	36.9303	3.9767e-08	86.35	-3.8848e-09	356.35	
23.1301	36.9265	3.2669e-08	86.19	-4.5771e-09	356.19	
23.3545	36.9223	1.5161e-08	71.49	-6.7500e-09	341.49	
23.5788	36.9176	9.7046e-09	56.69	-5.4320e-09	326.69	
20.4340	37.1246	4.0207e-08	331.87	-1.3792e-07	61.87	
20.6592	37.1254	3.7364e-08	329.05	-1.6005e-07	59.05	
20.8843	37.1259	3.6017e-08	328.64	-1.5137e-07	58.64	
21.1095	37.1259	3.1754e-08	331.23	-9.6680e-08	61.23	
21.3346	37.1254	2.5149e-08	358.10	-1.5080e-08	88.10	
21.5597	37.1246	4.2846e-08	37.47	-1.5392e-09	127.47	
21.7849	37.1233	4.8310e-08	52.98	4.0857e-09	322.98	
22.0100	37.1216	5.3033e-08	67.42	6.0797e-09	337.42	
22.2351	37.1195	5.1931e-08	72.96	2.0734e-09	342.96	
22.4602	37.1169	4.5100e-08	75.72	-1.1612e-09	345.72	
22.6852	37.1139	3.8492e-08	79.99	-1.8531e-09	349.99	
22.9102	37.1105	3.2088e-08	83.46	-1.7550e-09	353.46	
23.1351	37.1067	2.3272e-08	81.91	-1.5298e-09	351.91	
23.3601	37.1024	1.3338e-08	60.85	-5.3646e-09	330.85	
23.5849	37.0977	1.2618e-08	40.50	-4.8315e-09	130.50	
23.8097	37.0926	1.5630e-08	26.89	-1.2704e-09	116.89	
24.0345	37.0871	1.6498e-08	23.36	-1.3390e-09	113.36	
24.4838	37.0747	1.0363e-08	7.33	-3.6045e-09	97.33	
24.7083	37.0679	1.0461e-08	9.01	-5.4654e-09	99.01	
20.2070	37.3035	4.5781e-08	335.47	-9.3095e-08	65.47	
20.4327	37.3048	4.5208e-08	335.69	-1.2399e-07	65.69	
20.6583	37.3057	4.2082e-08	332.62	-1.4571e-07	62.62	
20.8840	37.3061	3.8861e-08	329.79	-1.5782e-07	59.79	
21.1097	37.3061	3.5356e-08	328.83	-1.4329e-07	58.83	
21.3354	37.3057	2.5129e-08	332.46	-7.2156e-08	62.46	
21.5611	37.3049	2.8713e-08	19.68	-6.1480e-09	109.68	
21.7867	37.3036	4.6933e-08	42.47	-1.6461e-09	132.47	
22.0124	37.3019	5.0044e-08	56.28	3.4168e-09	326.28	
22.2380	37.2997	4.9101e-08	67.51	3.4172e-09	337.51	
22.4636	37.2971	4.2205e-08	70.63	1.9122e-10	340.63	
22.6892	37.2941	3.4407e-08	71.97	-3.0472e-10	341.97	
22.9147	37.2907	2.5208e-08	70.98	1.0092e-09	340.98	
23.1402	37.2868	1.6386e-08	56.72	1.8153e-09	326.72	
23.3657	37.2825	1.5879e-08	33.29	-3.0191e-09	123.29	
23.5911	37.2778	1.9244e-08	24.90	-7.0054e-09	114.90	
23.8164	37.2727	1.9997e-08	22.77	-4.2740e-09	112.77	
24.0417	37.2671	1.8316e-08	22.82	-2.1768e-09	112.82	
24.2669	37.2611	1.3398e-08	19.26	2.3409e-11	109.26	
24.4921	37.2547	1.0985e-08	12.23	-1.5637e-09	102.23	
24.7171	37.2478	1.0862e-08	11.73	-5.0386e-09	101.73	
24.9421	37.2405	1.1035e-08	12.61	-6.9933e-09	102.61	
19.9789	37.4821	4.3952e-08	321.48	-8.7061e-08	51.48	
20.2051	37.4838	4.2828e-08	330.38	-9.1791e-08	60.38	
20.4313	37.4851	4.4751e-08	335.47	-1.1713e-07	65.47	
20.6575	37.4860	4.7138e-08	336.70	-1.3002e-07	66.70	
20.8838	37.4864	5.1752e-08	336.62	-1.3341e-07	66.62	
21.1100	37.4864	4.9933e-08	334.97	-1.3062e-07	64.97	
21.3362	37.4860	4.0482e-08	335.89	-9.2986e-08	65.89	
21.5624	37.4851	3.3378e-08	1.65	-1.8090e-08	91.65	
21.7886	37.4838	5.1368e-08	30.85	-4.0002e-09	120.85	
22.0148	37.4821	4.7666e-08	38.13	3.9155e-09	128.13	
22.2410	37.4800	3.9029e-08	46.33	1.1234e-08	316.33	
22.4671	37.4774	3.3799e-08	57.87	8.1089e-09	327.87	
22.6932	37.4743	2.9912e-08	59.07	3.3662e-09	329.07	
22.9193	37.4709	2.5501e-08	48.37	1.7477e-09	318.37	
23.1454	37.4670	2.2499e-08	32.03	-1.3431e-09	122.03	
23.3713	37.4627	2.3433e-08	22.65	-5.1229e-09	112.65	
23.5973	37.4579	2.5966e-08	19.39	-1.0655e-08	109.39	
23.8232	37.4527	2.6603e-08	19.39	-1.2918e-08	109.39	
24.0490	37.4471	2.3416e-08	19.82	-7.4873e-09	109.82	
24.2747	37.4411	1.6509e-08	19.40	-1.3033e-09	109.40	
24.5004	37.4346	1.2885e-08	20.04	-1.5170e-10	110.04	
24.7260	37.4277	1.2093e-08	20.63	-2.6295e-09	110.63	
24.9516	37.4204	1.1913e-08	18.27	-5.1006e-09	108.27	
19.9764	37.6623	4.6553e-08	320.18	-9.7570e-08	50.18	
20.2032	37.6641	4.3003e-08	326.06	-9.3883e-08	56.06	
20.4299	37.6654	4.3877e-08	334.25	-1.0729e-07	64.25	
20.6567	37.6662	4.7489e-08	337.96	-1.1949e-07	67.96	
20.8835	37.6667	6.0057e-08	341.49	-1.1754e-07	71.49	
21.1102	37.6667	8.1763e-08	345.11	-1.0933e-07	75.11	
21.3370	37.6663	8.5890e-08	348.28	-8.4659e-08	78.28	
21.5638	37.6654	7.2425e-08	1.38	-3.3286e-08	91.38	
21.7905	37.6641	7.0166e-08	16.44	-9.8925e-09	106.44	
22.0173	37.6624	6.3231e-08	16.53	1.5574e-09	106.53	
22.2440	37.6602	5.1665e-08	8.75	8.0646e-09	98.75	
22.4707	37.6576	3.7732e-08	5.86	9.4549e-09	95.86	
22.6973	37.6545	2.9075e-08	26.05	6.5512e-09	116.05	
22.9240	37.6511	3.2393e-08	32.44	-1.2939e-09	122.44	
23.1505	37.6471	3.0236e-08	26.35	-3.8710e-09	116.35	
23.3771	37.6428	2.9718e-08	20.31	-5.7611e-09	110.31	
23.6035	37.6380	3.0154e-08	18.43	-1.0207e-08	108.43	
23.8300	37.6328	2.9077e-08	19.14	-1.3724e-08	109.14	
24.0563	37.6271	2.6149e-08	19.77	-1.0945e-08	109.77	
24.2826	37.6211	2.3076e-08	21.13	-6.8363e-09	111.13	
24.5089	37.6145	1.8652e-08	22.73	-3.7159e-09	112.73	
24.7350	37.6076	1.3852e-08	26.87	-2.1047e-09	116.87	
19.9740	37.8425	5.4803e-08	324.14	-9.6887e-08	54.14	
20.2012	37.8443	4.8639e-08	327.00	-9.3760e-08	57.00	
20.4286	37.8456	4.6230e-08	334.06	-9.7261e-08	64.06	
20.6559	37.8465	5.0235e-08	339.98	-1.0611e-07	69.98	
20.8832	37.8470	6.3890e-08	344.46	-1.0544e-07	74.46	
21.1105	37.8470	9.6379e-08	349.49	-1.0044e-07	79.49	
21.3378	37.8465	1.1903e-07	353.58	-8.7130e-08	83.58	
21.5652	37.8457	1.0812e-07	1.10	-4.8914e-08	91.10	
21.7925	37.8443	1.0121e-07	7.47	-1.8278e-08	97.47	
22.0197	37.8426	1.0332e-07	6.45	-4.8185e-09	96.45	
22.2470	37.8404	9.8952e-08	2.75	-8.5377e-10	92.75	
22.4742	37.8378	8.4047e-08	359.96	-9.2805e-11	89.96	
22.7015	37.8347	6.6665e-08	5.35	1.9006e-09	95.35	
22.9286	37.8312	5.3868e-08	17.94	-1.5604e-09	107.94	
23.1557	37.8273	4.6058e-08	19.36	-3.9984e-09	109.36	
23.3828	37.8229	4.2251e-08	16.75	-4.8738e-09	106.75	
23.6099	37.8181	3.7167e-08	16.88	-7.2292e-09	106.88	
23.8368	37.8128	3.1362e-08	18.16	-1.0159e-08	108.16	
24.0637	37.8071	2.6977e-08	19.11	-1.0510e-08	109.11	
24.2906	37.8010	2.4680e-08	21.09	-8.4453e-09	111.09	
24.5174	37.7945	2.1817e-08	23.12	-6.2979e-09	113.12	
24.7441	37.7875	1.5900e-08	25.90	-3.6772e-09	115.90	
19.9715	38.0228	7.6239e-08	328.75	-9.6274e-08	58.75	
20.1993	38.0245	6.4483e-08	330.54	-9.3623e-08	60.54	
20.4272	38.0259	5.5148e-08	335.72	-9.2026e-08	65.72	
20.6550	38.0268	5.6006e-08	342.87	-9.4832e-08	72.87	
20.8829	38.0272	7.2094e-08	348.23	-9.5249e-08	78.23	
21.1108	38.0272	1.0774e-07	352.65	-9.2580e-08	82.65	
21.3387	38.0268	1.4093e-07	356.18	-8.2930e-08	86.18	
21.5665	38.0259	1.4578e-07	0.71	-5.2866e-08	90.71	
21.7944	38.0246	1.5144e-07	3.46	-2.3874e-08	93.46	
22.0222	38.0228	1.6780e-07	4.37	-9.9927e-09	94.37	
22.2501	38.0206	1.7400e-07	5.09	-3.4547e-09	95.09	
22.4779	38.0180	1.5258e-07	5.02	2.6878e-09	95.02	
22.7056	38.0149	1.2371e-07	5.50	2.3427e-09	95.50	
22.9333	38.0114	9.7836e-08	9.81	-5.3521e-09	99.81	
23.1610	38.0074	7.6667e-08	13.60	-7.3954e-09	103.60	
23.3886	38.0030	6.2995e-08	14.38	-4.8348e-09	104.38	
23.6162	37.9982	4.9423e-08	16.02	-3.6196e-09	106.02	
23.8438	37.9929	3.7803e-08	16.59	-6.3319e-09	106.59	
24.0712	37.9871	3.1283e-08	17.36	-1.0407e-08	107.36	
24.2986	37.9810	2.7283e-08	20.27	-9.5661e-09	110.27	
24.5259	37.9744	2.3173e-08	23.19	-7.5460e-09	113.19	
24.7532	37.9673	1.7916e-08	26.39	-5.4813e-09	116.39	
19.9689	38.2030	9.5697e-08	329.12	-9.9771e-08	59.12	
20.1973	38.2048	8.2142e-08	330.69	-9.6441e-08	60.69	
20.4257	38.2061	6.2972e-08	335.83	-9.0548e-08	65.83	
20.6542	38.2070	5.4230e-08	345.02	-8.7865e-08	75.02	
20.8826	38.2075	7.2442e-08	351.97	-8.8590e-08	81.97	
21.1111	38.2075	1.1611e-07	356.13	-8.7520e-08	86.13	
21.3395	38.2070	1.6360e-07	359.03	-7.8577e-08	89.03	
21.5679	38.2062	1.9553e-07	1.74	-5.5656e-08	91.74	
21.7964	38.2048	2.1903e-07	3.75	-3.1829e-08	93.75	
22.0248	38.2031	2.3326e-07	5.36	-1.3888e-08	95.36	
22.2531	38.2008	2.1890e-07	6.39	2.4793e-10	96.39	
22.4815	38.1982	1.7258e-07	5.64	9.7655e-09	95.64	
22.7098	38.1951	1.3445e-07	4.96	4.7695e-09	94.96	
22.9381	38.1915	1.1046e-07	8.95	-1.0914e-08	98.95	
23.1663	38.1875	9.1093e-08	13.39	-1.5752e-08	103.39	
23.3945	38.1831	7.4057e-08	15.48	-6.9552e-09	105.48	
23.6227	38.1782	5.7436e-08	17.78	-3.8215e-10	107.78	
23.8507	38.1729	4.4387e-08	16.63	-3.0548e-09	106.63	
24.0788	38.1671	3.6707e-08	15.99	-1.0232e-08	105.99	
24.3067	38.1609	3.1233e-08	20.20	-1.1125e-08	110.20	
24.5346	38.1543	2.6244e-08	25.03	-9.4079e-09	115.03	
24.7624	38.1472	2.2655e-08	29.66	-7.8622e-09	119.66	
19.9664	38.3832	1.0367e-07	328.07	-1.0336e-07	58.07	
20.1953	38.3850	8.7705e-08	329.57	-9.8096e-08	59.57	
20.4243	38.3864	5.4822e-08	336.04	-8.4986e-08	66.04	
20.6533	38.3873	3.5821e-08	349.12	-7.9539e-08	79.12	
20.8823	38.3877	5.6245e-08	357.21	-8.3542e-08	87.21	
21.1113	38.3877	1.1552e-07	0.76	-8.5217e-08	90.76	
21.3403	38.3873	1.8192e-07	3.09	-7.7466e-08	93.09	
21.5693	38.3864	2.2277e-07	5.10	-5.7799e-08	95.10	
21.7983	38.3851	2.4307e-07	6.95	-3.9792e-08	96.95	
22.0273	38.3833	2.4211e-07	7.84	-2.0956e-08	97.84	
22.2562	38.3810	2.1040e-07	6.53	1.8428e-09	96.53	
22.4852	38.3784	1.6039e-07	3.64	1.2505e-08	93.64	
22.7140	38.3752	1.2246e-07	4.13	4.8100e-09	94.13	
22.9429	38.3717	9.8779e-08	10.14	-1.4529e-08	100.14	
23.1717	38.3677	8.6006e-08	14.80	-2.2731e-08	104.80	
23.4004	38.3632	7.1159e-08	17.71	-1.1405e-08	107.71	
23.6291	38.3583	5.4710e-08	19.39	-9.7587e-10	109.39	
23.8578	38.3529	4.2903e-08	15.84	-2.6852e-09	105.84	
24.0864	38.3471	3.5618e-08	13.34	-1.0722e-08	103.34	
24.3149	38.3409	3.0465e-08	18.39	-1.2810e-08	108.39	
24.5433	38.3342	2.7199e-08	25.91	-1.1036e-08	115.91	
24.7717	38.3271	2.6995e-08	31.75	-9.5939e-09	121.75	
19.9638	38.5634	1.0082e-07	325.52	-9.6988e-08	55.52	
20.1933	38.5652	7.3909e-08	329.00	-9.2476e-08	59.00	
20.4229	38.5666	2.8767e-08	339.71	-7.6337e-08	69.71	
20.6525	38.5675	1.4331e-08	356.47	-7.5069e-08	86.47	
20.8820	38.5680	3.9081e-08	3.11	-8.2006e-08	93.11	
21.1116	38.5680	1.1054e-07	5.07	-8.5231e-08	95.07	
21.3412	38.5675	1.8266e-07	6.61	-7.6366e-08	96.61	
21.5708	38.5666	2.0366e-07	7.49	-5.5511e-08	97.49	
21.8003	38.5653	2.0410e-07	9.26	-4.0503e-08	99.26	
22.0299	38.5635	1.9197e-07	10.59	-2.6519e-08	100.59	
22.2594	38.5612	1.6606e-07	8.06	-4.3710e-09	98.06	
22.4889	38.5585	1.3719e-07	3.32	7.4183e-09	93.32	
22.7183	38.5554	1.0462e-07	4.55	1.6096e-09	94.55	
22.9477	38.5518	7.9695e-08	12.01	-1.6115e-08	102.01	
23.1771	38.5478	7.0725e-08	16.86	-2.4393e-08	106.86	
23.4064	38.5433	6.0608e-08	20.21	-1.6861e-08	110.21	
23.6357	38.5383	4.9993e-08	20.85	-8.7546e-09	110.85	
23.8649	38.5329	4.1836e-08	17.32	-9.0266e-09	107.32	
24.0941	38.5271	3.5426e-08	12.74	-1.6892e-08	102.74	
24.3231	38.5208	2.9752e-08	13.94	-1.9161e-08	103.94	
24.5521	38.5141	2.6052e-08	22.54	-1.3892e-08	112.54	
24.7811	38.5069	2.7532e-08	31.29	-1.0585e-08	121.29	
19.9612	38.7436	9.3776e-08	133.81	-5.9723e-08	43.81	
20.1913	38.7455	6.2644e-08	323.26	-6.5699e-08	53.26	
20.4214	38.7468	1.9342e-08	343.65	-6.9435e-08	73.65	
20.6516	38.7477	2.0233e-08	358.16	-7.7875e-08	88.16	
20.8817	38.7482	4.7669e-08	1.96	-8.3175e-08	91.96	
21.1119	38.7482	9.4800e-08	5.15	-8.3070e-08	95.15	
21.3420	38.7478	1.3655e-07	8.43	-7.0113e-08	98.43	
21.5722	38.7469	1.4461e-07	8.24	-4.9873e-08	98.24	
21.8023	38.7455	1.3989e-07	8.96	-3.6686e-08	98.96	
22.0324	38.7437	1.3098e-07	11.02	-2.6120e-08	101.02	
22.2625	38.7414	1.1614e-07	9.63	-9.4354e-09	99.63	
22.4926	38.7387	1.0409e-07	5.05	1.1029e-09	95.05	
22.7226	38.7356	8.8966e-08	4.32	-1.1654e-09	94.32	
22.9526	38.7319	7.1049e-08	10.44	-1.4165e-08	100.44	
23.1826	38.7279	6.2084e-08	16.91	-2.2411e-08	106.91	
23.4125	38.7234	5.4281e-08	20.37	-2.0888e-08	110.37	
23.6423	38.7184	4.8996e-08	21.37	-1.8682e-08	111.37	
23.8721	38.7130	4.5163e-08	19.69	-2.2024e-08	109.69	
24.1018	38.7071	4.0902e-08	15.60	-3.1956e-08	105.60	
24.3314	38.7008	3.6290e-08	12.88	-3.7791e-08	102.88	
24.5610	38.6940	3.0918e-08	14.96	-2.9992e-08	104.96	
19.9586	38.9238	7.2703e-08	319.94	-3.7805e-08	49.94	
20.1893	38.9257	6.9745e-08	330.49	-4.5181e-08	60.49	
20.4200	38.9270	6.4554e-08	345.33	-5.9910e-08	75.33	
20.6507	38.9280	6.6464e-08	355.85	-7.8319e-08	85.85	
20.8814	38.9284	7.5789e-08	359.92	-8.2051e-08	89.92	
21.1122	38.9284	8.3283e-08	3.13	-7.2239e-08	93.13	
21.3429	38.9280	8.1459e-08	8.54	-5.1541e-08	98.54	
21.5736	38.9271	8.1121e-08	9.24	-3.6745e-08	99.24	
21.8043	38.9257	8.1476e-08	6.92	-3.1230e-08	96.92	
22.0350	38.9239	8.1119e-08	8.96	-2.4414e-08	98.96	
22.2657	38.9216	7.9976e-08	9.19	-1.0869e-08	99.19	
22.4964	38.9189	8.0342e-08	5.13	-1.1583e-09	95.13	
22.7270	38.9157	8.0499e-08	2.81	-8.3140e-10	92.81	
22.9575	38.9121	7.6738e-08	5.81	-8.4002e-09	95.81	
23.1881	38.9080	6.8963e-08	11.55	-1.7049e-08	101.55	
23.4185	38.9034	5.7276e-08	15.94	-2.0777e-08	105.94	
23.6490	38.8984	4.9802e-08	18.86	-2.3427e-08	108.86	
23.8793	38.8930	4.6726e-08	19.16	-3.0009e-08	109.16	
24.1096	38.8871	4.4309e-08	16.73	-4.0779e-08	106.73	
24.3398	38.8807	4.1885e-08	14.05	-4.9370e-08	104.05	
24.5700	38.8739	4.2730e-08	11.82	-5.9363e-08	101.82	
24.8001	38.8666	5.5416e-08	10.43	-7.8507e-08	100.43	
25.0301	38.8589	5.6607e-08	11.02	-6.7021e-08	101.02	
19.9559	39.1040	7.1029e-08	350.23	-1.3974e-08	80.23	
20.1872	39.1059	7.5905e-08	348.44	-2.5744e-08	78.44	
20.4185	39.1073	8.0729e-08	351.45	-4.2440e-08	81.45	
20.6498	39.1082	7.9702e-08	357.50	-6.5940e-08	87.50	
20.8811	39.1087	7.6279e-08	2.02	-7.4559e-08	92.02	
21.1125	39.1087	6.9186e-08	3.24	-5.0093e-08	93.24	
21.3438	39.1082	5.0871e-08	7.62	-2.4076e-08	97.62	
21.5751	39.1073	4.1923e-08	11.10	-1.4604e-08	101.10	
21.8064	39.1059	4.3656e-08	8.28	-1.6900e-08	98.28	
22.0377	39.1041	4.8675e-08	10.74	-1.6735e-08	100.74	
22.2689	39.1018	5.5568e-08	11.63	-7.4469e-09	101.63	
22.5002	39.0991	6.5075e-08	7.87	1.6537e-09	97.87	
22.7314	39.0959	7.3752e-08	5.03	6.2579e-09	95.03	
22.9625	39.0922	7.6327e-08	4.94	1.3159e-09	94.94	
23.1936	39.0881	7.4627e-08	7.51	-1.2174e-08	97.51	
23.4247	39.0835	6.6633e-08	10.17	-1.9777e-08	100.17	
23.6557	39.0785	5.4813e-08	13.23	-2.4608e-08	103.23	
23.8866	39.0730	4.6856e-08	16.27	-3.1191e-08	106.27	
24.1175	39.0670	4.4937e-08	16.55	-4.2711e-08	106.55	
24.3483	39.0606	5.0551e-08	12.87	-7.1026e-08	102.87	
24.5790	39.0538	6.7033e-08	9.44	-1.1469e-07	99.44	
24.8097	39.0464	7.0432e-08	8.75	-1.1925e-07	98.75	
25.0403	39.0387	6.7944e-08	8.67	-1.1004e-07	98.67	
19.9533	39.2842	5.7486e-08	352.16	-3.6277e-09	82.16	
20.1851	39.2861	6.5159e-08	352.06	-1.8932e-09	82.06	
20.4170	39.2875	6.8935e-08	352.97	-1.2498e-08	82.97	
20.6489	39.2884	6.6356e-08	357.92	-3.2084e-08	87.92	
20.8808	39.2889	5.8970e-08	3.42	-4.7057e-08	93.42	
21.1127	39.2889	4.7200e-08	3.93	-2.2222e-08	93.93	
21.3447	39.2884	3.3786e-08	7.55	-6.1731e-09	97.55	
21.5766	39.2875	2.8410e-08	12.59	-2.1259e-09	102.59	
21.8085	39.2861	2.9321e-08	14.51	-5.2868e-09	104.51	
22.0403	39.2843	3.2884e-08	17.42	-8.6615e-09	107.42	
22.2722	39.2820	3.7698e-08	17.97	-2.3540e-09	107.97	
22.5040	39.2792	4.7312e-08	15.29	7.6820e-09	105.29	
22.7358	39.2760	6.0661e-08	13.06	1.7717e-08	103.06	
22.9675	39.2723	6.6788e-08	8.84	1.5980e-08	98.84	
23.1992	39.2682	6.8868e-08	8.65	-5.3188e-09	98.65	
23.4309	39.2636	6.7412e-08	10.61	-1.8205e-08	100.61	
23.6625	39.2585	6.0358e-08	11.76	-2.5642e-08	101.76	
23.8940	39.2530	4.8979e-08	12.15	-3.2448e-08	102.15	
24.1255	39.2470	5.0638e-08	11.10	-6.3307e-08	101.10	
24.3569	39.2405	6.9236e-08	9.51	-1.2054e-07	99.51	
24.5882	39.2336	7.1828e-08	8.98	-1.2427e-07	98.98	
24.8194	39.2263	7.2311e-08	8.70	-1.2301e-07	98.70	
19.9506	39.4644	2.1939e-08	130.22	-8.2426e-09	40.22	
20.1830	39.4663	2.5910e-08	330.61	1.1650e-08	60.61	
20.4155	39.4677	3.6898e-08	356.39	8.1907e-09	86.39	
20.6480	39.4686	4.1224e-08	2.98	-4.8633e-09	92.98	
20.8805	39.4691	3.6818e-08	5.32	-1.8063e-08	95.32	
21.1130	39.4691	2.8412e-08	7.16	-1.1018e-08	97.16	
21.3455	39.4686	2.0929e-08	11.56	-4.0006e-09	101.56	
21.5780	39.4677	1.8019e-08	14.08	-8.9981e-10	104.08	
21.8105	39.4663	1.8256e-08	14.60	-2.9870e-09	104.60	
22.0430	39.4645	1.7657e-08	16.48	-6.3271e-09	106.48	
22.2755	39.4622	1.6934e-08	16.58	-5.9584e-10	106.58	
22.5079	39.4594	2.0147e-08	12.55	1.0607e-08	102.55	
22.7402	39.4561	2.8894e-08	28.45	2.4492e-08	118.45	
22.9726	39.4524	3.6812e-08	28.72	3.1874e-08	118.72	
23.2049	39.4482	4.2166e-08	12.57	8.1901e-09	102.57	
23.4371	39.4436	4.8452e-08	16.29	-1.2074e-08	106.29	
23.6693	39.4385	5.1963e-08	15.74	-2.3210e-08	105.74	
23.9014	39.4329	6.0073e-08	6.59	-4.0609e-08	96.59	
24.1335	39.4269	9.2035e-08	2.31	-9.4668e-08	92.31	
24.3655	39.4204	8.0066e-08	6.89	-1.1832e-07	96.89	
24.5974	39.4135	7.4165e-08	8.35	-1.2263e-07	98.35	
19.9478	39.6446	2.6622e-08	105.78	-2.2869e-08	15.78	
20.1809	39.6465	2.4800e-08	91.40	-1.0409e-08	1.40	
20.4140	39.6479	2.0011e-08	68.88	2.1818e-10	338.88	
20.6471	39.6488	2.0763e-08	33.90	-1.0602e-09	123.90	
20.8802	39.6493	1.8367e-08	15.13	-1.1438e-08	105.13	
21.1133	39.6493	1.3878e-08	9.79	-1.1246e-08	99.79	
21.3464	39.6488	6.6535e-09	4.29	-5.2196e-09	94.29	
21.8126	39.6465	4.1978e-09	345.73	-4.9956e-09	75.73	
22.2788	39.6423	6.8091e-09	357.49	-1.3224e-09	87.49	
22.5118	39.6395	1.4458e-08	330.63	6.8974e-09	60.63	
22.7448	39.6363	2.7262e-08	121.75	1.2408e-08	31.75	
22.9777	39.6325	4.2723e-08	113.98	1.1312e-08	23.98	
23.2106	39.6283	3.2572e-08	317.21	2.8515e-09	47.21	
23.4434	39.6237	3.8510e-08	351.48	-1.9919e-08	81.48	
23.6762	39.6185	6.7499e-08	356.60	-4.4233e-08	86.60	
23.9089	39.6129	9.0401e-08	357.82	-6.8912e-08	87.82	
24.1416	39.6069	9.9255e-08	1.62	-1.0063e-07	91.62	
24.3742	39.6003	9.2410e-08	3.77	-1.0892e-07	93.77	
24.6067	39.5933	8.8398e-08	4.68	-1.1140e-07	94.68	
19.9451	39.8248	3.7612e-08	96.96	-2.0978e-08	6.96	
20.1788	39.8267	3.3968e-08	79.59	-1.5748e-08	349.59	
20.4125	39.8281	3.0243e-08	66.08	-1.4520e-08	336.08	
20.6462	39.8290	1.7398e-08	54.70	-1.0455e-08	324.70	
21.1136	39.8295	7.9580e-09	346.35	-1.2591e-08	76.35	
21.3473	39.8290	8.5766e-09	335.04	-1.0887e-08	65.04	
21.5811	39.8281	7.8377e-09	332.92	-9.2321e-09	62.92	
21.8148	39.8267	7.7676e-09	340.99	-6.4473e-09	70.99	
22.0484	39.8248	9.7105e-09	0.56	-4.3215e-09	90.56	
22.2821	39.8225	1.5298e-08	10.61	-1.4244e-09	100.61	
22.5157	39.8197	2.1518e-08	5.84	8.0826e-09	95.84	
22.7493	39.8164	2.7584e-08	339.66	1.9052e-08	69.66	
22.9828	39.8126	3.9680e-08	316.94	2.1056e-08	46.94	
23.2163	39.8084	5.0003e-08	337.35	6.6588e-09	67.35	
23.4498	39.8037	6.9619e-08	351.81	-2.4520e-08	81.81	
23.6832	39.7985	8.4349e-08	356.30	-4.7950e-08	86.30	
23.9165	39.7929	8.8778e-08	359.92	-7.5839e-08	89.92	
24.1498	39.7868	9.0337e-08	3.80	-1.0719e-07	93.80	
24.3830	39.7802	9.0365e-08	4.20	-1.0988e-07	94.20	
24.6161	39.7732	9.0142e-08	4.41	-1.1076e-07	94.41	
24.8491	39.7657	8.9621e-08	4.84	-1.1239e-07	94.84	
19.9423	40.0049	4.8844e-08	90.76	-1.6076e-08	0.76	
20.1766	40.0068	4.4242e-08	70.24	-1.4956e-08	340.24	
20.4109	40.0083	3.4590e-08	61.61	-1.2993e-08	331.61	
20.8796	40.0097	6.9441e-09	347.99	-1.3174e-08	77.99	
21.1139	40.0097	1.4974e-08	338.57	-1.5444e-08	68.57	
21.3483	40.0092	1.5557e-08	335.58	-1.2680e-08	65.58	
21.5826	40.0083	1.3441e-08	337.93	-8.2078e-09	67.93	
21.8169	40.0069	1.3134e-08	349.71	-1.8641e-09	79.71	
22.0512	40.0050	1.7715e-08	11.30	1.2179e-09	101.30	
22.2855	40.0026	2.5037e-08	20.09	2.5241e-10	110.09	
22.5197	39.9998	3.1063e-08	18.77	2.5892e-09	108.77	
22.7539	39.9965	3.5554e-08	11.72	5.7878e-09	101.72	
22.9880	39.9927	4.1308e-08	5.23	2.7111e-09	95.23	
23.2222	39.9885	4.9861e-08	5.08	-6.6609e-09	95.08	
23.4562	39.9837	6.0837e-08	5.10	-1.5962e-08	95.10	
23.6902	39.9785	7.4846e-08	4.32	-2.8436e-08	94.32	
23.9242	39.9729	8.4820e-08	4.55	-7.0148e-08	94.55	
24.1580	39.9667	8.8269e-08	4.75	-1.0567e-07	94.75	
24.3918	39.9601	8.8634e-08	5.45	-1.0687e-07	95.45	
24.6255	39.9530	8.7604e-08	6.96	-1.0446e-07	96.96	
24.8592	39.9455	8.6553e-08	8.76	-1.0172e-07	98.76	
19.9395	40.1851	5.8483e-08	87.66	-1.1409e-08	357.66	
20.1744	40.1870	4.5610e-08	70.19	-8.5616e-09	340.19	
20.4094	40.1884	1.9660e-08	71.82	-3.9688e-10	341.82	
20.8793	40.1899	1.0980e-08	345.56	-1.5314e-08	75.56	
21.1142	40.1899	1.8207e-08	336.94	-1.5253e-08	66.94	
21.3492	40.1894	1.8736e-08	333.87	-1.1847e-08	63.87	
21.5841	40.1885	1.5448e-08	336.30	-5.4656e-09	66.30	
21.8191	40.1871	1.4365e-08	356.30	3.3771e-09	86.30	
22.0540	40.1852	2.2305e-08	23.57	5.6513e-09	113.57	
22.2888	40.1828	3.1328e-08	27.47	3.2154e-09	117.47	
22.5237	40.1799	3.6128e-08	21.81	-5.9187e-09	111.81	
22.7585	40.1766	3.9010e-08	14.73	-1.6117e-08	104.73	
22.9933	40.1728	4.1424e-08	12.96	-1.9330e-08	102.96	
23.2280	40.1685	4.4198e-08	14.53	-2.1628e-08	104.53	
23.4627	40.1638	4.9173e-08	13.71	-2.2313e-08	103.71	
23.6973	40.1585	5.7739e-08	12.00	-2.3039e-08	102.00	
23.9319	40.1528	7.2949e-08	11.23	-4.5612e-08	101.23	
24.1664	40.1466	8.4171e-08	10.72	-8.8660e-08	100.72	
24.4008	40.1400	8.5052e-08	11.60	-9.1071e-08	101.60	
24.6351	40.1329	8.5235e-08	11.97	-9.0666e-08	101.97	
24.8693	40.1253	8.5267e-08	12.09	-9.0487e-08	102.09	
19.9367	40.3653	7.0270e-08	94.85	-7.7122e-09	4.85	
20.1723	40.3672	4.4224e-08	96.77	-1.3041e-09	6.77	
20.4078	40.3686	1.5753e-08	112.67	9.1637e-11	22.67	
20.6434	40.3696	8.2178e-09	344.89	-9.1919e-09	74.89	
20.8789	40.3701	1.6874e-08	340.08	-1.5107e-08	70.08	
21.1145	40.3701	2.1841e-08	333.15	-1.3400e-08	63.15	
21.3501	40.3696	2.0965e-08	331.07	-1.1301e-08	61.07	
21.5857	40.3687	1.6265e-08	330.12	-7.4621e-09	60.12	
21.8212	40.3672	1.0776e-08	332.73	1.0567e-09	62.73	
22.0568	40.3653	1.4351e-08	18.66	6.5577e-09	108.66	
22.2923	40.3629	2.5132e-08	22.63	4.5466e-09	112.63	
22.5277	40.3600	2.9735e-08	18.29	-2.4668e-09	108.29	
22.7632	40.3567	3.1833e-08	16.15	-1.4942e-08	106.15	
22.9986	40.3529	3.1194e-08	18.79	-2.4472e-08	108.79	
23.2339	40.3486	2.9576e-08	18.62	-2.4257e-08	108.62	
23.4692	40.3438	3.0399e-08	12.47	-2.1204e-08	102.47	
23.7045	40.3385	3.4569e-08	10.72	-1.9900e-08	100.72	
23.9396	40.3328	4.4221e-08	14.70	-2.2157e-08	104.70	
24.1748	40.3265	7.4040e-08	12.37	-7.2071e-08	102.37	
24.4098	40.3199	8.4514e-08	12.18	-8.9031e-08	102.18	
24.6447	40.3127	8.5278e-08	12.23	-8.9854e-08	102.23	
24.8796	40.3050	8.5320e-08	12.22	-8.9941e-08	102.22	
25.1143	40.2969	8.5293e-08	12.21	-8.9987e-08	102.21	
19.9339	40.5454	1.0954e-07	109.14	-1.9884e-08	19.14	
20.1700	40.5473	6.5666e-08	111.73	-1.1589e-08	21.73	
20.6424	40.5498	1.9274e-08	338.41	-1.2044e-08	68.41	
20.8786	40.5503	2.5834e-08	333.81	-1.4038e-08	63.81	
21.1148	40.5503	2.4595e-08	330.45	-1.3139e-08	60.45	
21.3510	40.5498	2.2329e-08	327.73	-1.4139e-08	57.73	
21.5872	40.5488	1.6810e-08	320.89	-1.5845e-08	50.89	
21.8234	40.5474	9.6555e-09	127.39	-1.5562e-08	37.39	
22.0596	40.5455	7.0074e-09	120.17	-8.8894e-09	30.17	
22.2957	40.5431	8.6435e-09	1.23	3.3235e-09	91.23	
22.5318	40.5402	1.9260e-08	14.82	-1.1606e-10	104.82	
22.7679	40.5368	2.1192e-08	15.99	-5.7195e-09	105.99	
23.0039	40.5329	2.2037e-08	16.12	-1.7337e-08	106.12	
23.2399	40.5286	2.4263e-08	9.19	-1.9408e-08	99.19	
23.4758	40.5238	2.7267e-08	6.14	-1.9818e-08	96.14	
23.7117	40.5185	3.1804e-08	10.34	-1.6422e-08	100.34	
23.9475	40.5127	3.7794e-08	18.01	-9.4002e-09	108.01	
24.1832	40.5065	4.8036e-08	16.41	-2.2836e-08	106.41	
24.4189	40.4997	7.9646e-08	12.72	-7.8244e-08	102.72	
24.6544	40.4925	8.5546e-08	12.42	-8.8780e-08	102.42	
24.8899	40.4848	8.5662e-08	12.35	-8.9538e-08	102.35	
25.1253	40.4766	8.5516e-08	12.29	-8.9744e-08	102.29	
20.6415	40.7299	3.3950e-08	334.21	-1.3646e-08	64.21	
20.8783	40.7304	3.1146e-08	330.83	-1.4614e-08	60.83	
21.1151	40.7304	2.6418e-08	326.49	-1.6528e-08	56.49	
21.3520	40.7300	2.5010e-08	323.51	-1.8823e-08	53.51	
21.5888	40.7290	2.0023e-08	318.15	-2.0383e-08	48.15	
21.8256	40.7275	1.0606e-08	124.31	-2.2077e-08	34.31	
22.0624	40.7256	5.9777e-09	113.36	-1.9390e-08	23.36	
22.5360	40.7203	1.3313e-08	15.37	-1.1184e-09	105.37	
22.7727	40.7169	1.9805e-08	7.16	-3.9173e-09	97.16	
23.0093	40.7130	2.4563e-08	4.07	-1.3272e-08	94.07	
23.2459	40.7086	2.6185e-08	4.34	-1.9312e-08	94.34	
23.4825	40.7038	2.7367e-08	5.48	-1.8695e-08	95.48	
23.7190	40.6985	3.1456e-08	12.72	-1.1047e-08	102.72	
23.9554	40.6927	3.6550e-08	20.75	-4.1961e-09	110.75	
24.1918	40.6864	3.8525e-08	22.02	-3.9122e-09	112.02	
24.4281	40.6796	5.3721e-08	16.54	-2.8331e-08	106.54	
24.6643	40.6723	8.3745e-08	13.31	-7.9928e-08	103.31	
24.9004	40.6646	8.6862e-08	12.81	-8.7826e-08	102.81	
25.1364	40.6563	8.6373e-08	12.58	-8.8852e-08	102.58	
21.1155	40.9106	2.7451e-08	323.69	-1.9488e-08	53.69	
21.3529	40.9101	2.6682e-08	322.77	-1.9984e-08	52.77	
21.5904	40.9092	2.2772e-08	319.52	-2.0469e-08	49.52	
21.8279	40.9077	1.1296e-08	125.26	-2.2314e-08	35.26	
22.0653	40.9057	4.3698e-09	107.68	-2.3931e-08	17.68	
22.5401	40.9004	1.2922e-08	8.30	-3.2205e-09	98.30	
22.7775	40.8970	2.4103e-08	358.76	-6.2619e-09	88.76	
23.0148	40.8931	2.6765e-08	0.53	-1.3433e-08	90.53	
23.2520	40.8887	2.6419e-08	3.76	-1.9025e-08	93.76	
23.4892	40.8838	2.6963e-08	6.48	-1.5405e-08	96.48	
23.7263	40.8784	3.1816e-08	16.27	-5.8888e-09	106.27	
23.9634	40.8726	3.6330e-08	22.13	-2.2819e-09	112.13	
24.2004	40.8662	3.7464e-08	23.12	-1.8366e-09	113.12	
24.4373	40.8594	3.9606e-08	22.45	-3.9893e-09	112.45	
24.6742	40.8521	6.2593e-08	17.21	-3.4964e-08	107.21	
24.9109	40.8443	8.9119e-08	14.52	-7.8768e-08	104.52	
21.3539	41.0903	2.7239e-08	322.91	-2.0023e-08	52.91	
21.5920	41.0893	2.4374e-08	320.80	-2.0215e-08	50.80	
21.8301	41.0878	1.1500e-08	126.58	-2.1845e-08	36.58	
22.5443	41.0805	1.8868e-08	359.98	-6.2016e-09	89.98	
22.7823	41.0770	2.6677e-08	356.45	-7.7122e-09	86.45	
23.0203	41.0731	2.7031e-08	359.63	-1.2573e-08	89.63	
23.2581	41.0687	2.5732e-08	3.91	-1.6933e-08	93.91	
23.4960	41.0638	2.6392e-08	8.67	-1.0089e-08	98.67	
23.7338	41.0584	3.2303e-08	19.00	-2.8638e-09	109.00	
23.9715	41.0525	3.6278e-08	22.65	-1.6331e-09	112.65	
24.2091	41.0461	3.7301e-08	23.27	-1.5590e-09	113.27	
24.4467	41.0393	3.7812e-08	23.39	-1.7200e-09	113.39	
24.6842	41.0319	4.2553e-08	22.83	-5.2261e-09	112.83	
